1,Yamashita Shirakawa,PaleEdelweiss,sabishinekobebe@gmail.com
2,Yamashita Kokoro,SuperKokoro,kokoro@gmail.com
3,Yamashita Megumi,Blessing,megumitheblessing@gmail.com